345 378
part
109 60
112 72
117 82
122 93
133 106
139 101
143 88
138 79
131 70
122 64
116 60
part
162 54
164 60
166 69
173 80
177 91
184 98
189 94
192 81
189 70
182 60
176 57
168 52
part
226 35
227 43
230 50
228 57
225 67
220 77
213 91
210 100
206 110
206 115
209 118
211 118
224 105
231 95
237 81
242 71
247 64
253 57
261 51
248 41
237 35
part
78 116
76 130
71 140
68 147
63 153
57 166
58 181
63 188
74 176
82 157
87 145
87 134
82 120
part
87 132
104 129
122 128
139 125
164 122
181 120
218 116
242 112
264 109
277 106
293 107
305 120
317 129
317 137
303 141
281 149
261 161
264 151
270 137
274 129
271 121
235 122
174 130
131 137
101 139
87 141
82 138
EOF